1.418102e-01 4.174630e-02 9.906869e-02 7.824063e-02 9.772542e-02 1.841590e-01 8.036678e-02 -5.404139e-02 -3.512681e-02 3.553888e-01 1.132340e-01 8.103744e-03 -1.106984e-02 1.292268e-01 7.342479e-03 8.902461e-02 9.703667e-02 5.186086e-03 1.081693e-01 5.346051e-02 5.166104e-02 8.853900e-02 7.737380e-02 -4.935001e-01 1.804426e-01 1.071930e-01 1.736938e-01 -4.032190e-02 1.705495e-01 -4.402824e-02 -7.461838e-02 1.100991e-02 5.183223e-03
3.972194e-02 -4.255283e-03 -1.375514e-03 -1.325605e-01 3.314047e-02 7.216352e-02 5.433035e-02 -3.528807e-02 -3.935463e-02 -6.505480e-02 2.805681e-02 5.441420e-02 -4.308314e-02 -4.044538e-02 3.010521e-02 9.483063e-04 7.394955e-02 1.040436e-02 -1.817897e-02 1.005197e-01 7.010993e-02 3.434690e-02 2.983596e-03 1.138885e-01 5.281937e-01 -7.900773e-03 2.308842e-02 -1.129430e-01 -1.896472e-03 1.139888e-01 -1.774479e-02 1.709417e-01 2.682872e-02
6.351450e-02 1.034865e-01 9.106435e-02 -1.311977e-01 -1.072495e-01 1.006260e-01 7.110556e-02 -6.583722e-02 -1.258626e-01 1.261443e-01 -1.159559e-01 -1.261303e-01 5.746438e-02 -2.833024e-02 1.836933e-01 -1.973951e-02 4.127838e-02 1.299590e-01 8.229329e-02 -1.606471e-02 -3.750253e-04 -1.539493e-03 1.186240e-01 2.643032e-01 9.150215e-02 -4.853611e-02 4.963249e-02 2.286843e-04 5.470270e-03 -6.811460e-02 9.657562e-02 2.048496e-02 6.570090e-02
4.625748e-02 -1.461242e-01 3.135140e-02 -8.752227e-03 -7.002626e-02 1.092709e-01 8.567732e-02 -1.212940e-01 -7.182436e-02 4.737790e-03 -1.391308e-02 5.427660e-02 -7.565493e-02 -3.280013e-02 1.223552e-01 2.107297e-01 -2.654667e-02 6.421322e-02 4.655070e-02 1.290593e-02 1.403302e-01 2.136285e-01 1.733434e-01 1.383246e-02 1.036507e-01 7.309454e-02 -1.668137e-03 9.161227e-02 -1.633139e-02 -1.068305e-01 7.517639e-02 6.506831e-02 -1.296027e-02
1.349600e-01 1.064463e-01 9.168548e-02 -1.474824e-01 -7.527360e-02 5.817287e-02 -1.039255e-01 -1.950623e-01 -4.669215e-02 -6.367247e-02 -1.926865e-02 -1.053257e-02 -3.985843e-02 -9.169453e-02 -6.022821e-02 1.183344e-01 1.884559e-02 4.771444e-02 2.410838e-01 6.996318e-02 -8.938871e-02 1.241717e-01 1.329779e-01 4.201394e-02 1.089180e-01 -6.558761e-04 -1.219616e-01 -2.610723e-02 -5.421407e-02 -1.051906e-01 -2.228050e-02 1.712772e-01 6.254561e-02
2.132431e-01 7.255704e-02 9.068881e-02 -2.032378e-01 -1.311205e-01 8.107366e-02 -4.302106e-02 -9.426223e-02 -1.500002e-01 -7.503897e-04 9.387457e-02 5.990822e-02 1.981053e-01 -3.494979e-02 8.955932e-02 -1.977820e-02 2.831537e-02 -7.816895e-02 -1.828103e-02 3.642920e-02 -1.616869e-02 -1.434479e-01 1.682752e-01 7.362717e-02 -3.567931e-03 2.102136e-01 6.179883e-02 2.079396e-02 1.101045e-01 -1.196048e-01 1.850703e-01 -5.108369e-03 4.752586e-02
1.835917e-02 1.209242e-01 5.511500e-02 2.159688e-02 1.558086e-01 1.020630e-01 1.014750e-02 1.523081e-02 6.268181e-02 7.850544e-02 3.739066e-02 9.282928e-02 4.835450e-02 -8.363768e-03 5.479083e-02 5.957117e-02 -2.478905e-02 1.453027e-01 1.308313e-01 5.436626e-02 -3.766081e-02 8.209702e-02 2.220283e-01 2.015225e-01 -1.597961e-01 -1.659328e-02 7.604998e-02 -3.830294e-02 3.533946e-02 5.898000e-02 6.430256e-02 -1.861810e-02 8.952784e-02
2.519897e-02 1.254002e-01 1.956616e-01 -4.799362e-02 2.624401e-01 7.319595e-02 1.259640e-01 -1.432427e-02 -2.464471e-02 1.529137e-01 3.607284e-02 -9.646324e-02 1.748563e-01 -1.366168e-03 2.407186e-01 -5.395425e-03 4.109951e-02 1.065002e-01 7.556873e-02 1.684033e-01 4.974928e-02 1.845469e-01 1.460079e-01 3.669982e-02 9.583959e-02 5.494332e-02 1.047997e-01 5.403729e-02 2.191518e-02 4.714684e-02 2.328519e-01 9.939793e-02 1.110948e-01
4.439426e-01 6.296034e-01 5.564169e-01 6.368988e-01 4.570959e-01 4.966196e-01 4.624801e-01 3.480763e-01 3.297819e-01 3.798980e-01 3.954281e-01 4.381494e-01 3.870695e-01 3.715061e-01 3.424657e-01 5.595620e-01 4.136836e-01 4.275760e-01 5.389569e-01 5.868641e-01 2.882923e-01 4.121425e-01 6.130520e-01 5.385197e-01 2.995400e-01 5.558297e-01 2.882460e-01 3.253248e-01 2.155042e-01 2.547286e-01 4.594095e-01 2.887681e-01 3.413355e-01
1.189742e+00 1.170278e+00 1.310309e+00 1.185693e+00 1.544183e+00 1.295491e+00 9.797885e-01 9.428671e-01 1.217067e+00 1.143728e+00 9.239784e-01 8.165347e-01 1.047229e+00 1.110554e+00 1.083038e+00 1.023468e+00 1.109062e+00 1.037310e+00 1.161596e+00 8.134544e-01 9.700332e-01 8.530062e-01 1.237336e+00 9.793143e-01 7.912310e-01 8.787293e-01 9.827932e-01 1.069236e+00 1.001845e+00 6.803955e-01 7.058464e-01 1.195061e+00 1.117617e+00
2.223523e+00 2.289041e+00 2.121771e+00 2.026155e+00 1.970382e+00 1.868321e+00 2.197343e+00 2.093086e+00 1.737935e+00 2.117075e+00 2.164171e+00 2.207718e+00 2.231091e+00 2.359044e+00 2.168988e+00 2.138462e+00 1.959452e+00 2.170094e+00 1.986286e+00 2.446168e+00 1.875902e+00 2.132802e+00 2.081995e+00 2.252657e+00 1.848556e+00 2.060830e+00 2.398833e+00 1.933288e+00 1.753543e+00 1.931371e+00 2.092475e+00 1.443737e+00 1.940840e+00
2.091434e+00 1.871629e+00 1.919918e+00 1.745086e+00 2.065370e+00 1.944487e+00 2.252312e+00 2.404667e+00 2.121944e+00 1.764000e+00 1.994706e+00 2.103279e+00 2.084573e+00 1.873551e+00 2.329723e+00 2.015194e+00 1.778279e+00 1.602090e+00 1.920231e+00 2.346039e+00 2.201346e+00 1.555438e+00 2.221682e+00 2.034940e+00 2.010821e+00 2.243060e+00 2.178049e+00 1.750691e+00 1.725083e+00 2.057490e+00 2.025124e+00 2.248286e+00 1.962432e+00
4.232041e+00 4.764890e+00 4.648098e+00 4.071663e+00 4.361563e+00 3.963526e+00 4.001532e+00 3.995021e+00 3.554029e+00 3.747063e+00 3.383770e+00 3.361935e+00 3.691566e+00 2.971899e+00 3.073177e+00 3.135069e+00 3.093858e+00 2.926660e+00 3.148219e+00 3.373415e+00 2.894734e+00 2.326049e+00 3.091791e+00 3.066335e+00 2.741107e+00 3.134601e+00 2.890640e+00 2.786743e+00 2.684531e+00 2.574657e+00 2.625459e+00 2.766062e+00 2.523895e+00
1.230579e+01 1.247599e+01 1.265513e+01 1.291580e+01 1.172394e+01 1.169852e+01 1.220644e+01 1.159376e+01 1.169242e+01 1.166282e+01 1.089279e+01 1.109012e+01 1.104349e+01 1.156797e+01 1.114675e+01 1.170197e+01 1.066170e+01 1.075155e+01 1.202915e+01 1.145646e+01 1.230828e+01 1.132871e+01 1.106232e+01 1.194490e+01 1.050412e+01 1.059840e+01 1.014450e+01 9.505770e+00 1.035615e+01 9.956398e+00 9.855400e+00 9.363610e+00 9.926041e+00
3.344938e+01 3.415424e+01 3.343252e+01 3.236459e+01 3.130610e+01 2.882994e+01 2.854401e+01 2.851041e+01 2.891744e+01 2.836568e+01 2.619897e+01 2.486451e+01 2.653874e+01 2.436244e+01 2.538650e+01 2.371378e+01 2.283476e+01 2.290485e+01 1.973098e+01 2.296905e+01 2.155498e+01 2.078817e+01 1.957373e+01 2.058830e+01 2.014328e+01 1.897516e+01 2.012850e+01 1.812497e+01 1.767513e+01 1.732628e+01 1.746936e+01 1.729613e+01 1.853225e+01
1.191361e+02 1.190979e+02 1.221638e+02 1.107565e+02 1.158621e+02 1.118666e+02 1.141939e+02 1.138622e+02 1.192134e+02 1.152348e+02 1.171491e+02 1.177712e+02 1.125674e+02 1.113399e+02 1.106495e+02 1.009797e+02 1.001000e+02 9.960179e+01 9.966358e+01 1.050133e+02 9.897687e+01 1.003419e+02 1.080126e+02 1.016741e+02 9.750400e+01 1.022315e+02 9.326936e+01 9.510549e+01 8.738568e+01 9.496291e+01 9.179216e+01 9.139281e+01 9.231938e+01
7.965138e+01 8.126929e+01 8.244978e+01 8.078834e+01 7.521166e+01 8.021875e+01 7.834576e+01 8.306952e+01 8.768444e+01 8.902921e+01 8.725169e+01 8.917355e+01 9.608530e+01 9.085726e+01 9.627897e+01 8.924062e+01 8.806203e+01 9.035514e+01 9.801241e+01 1.023463e+02 9.823517e+01 9.727924e+01 1.017888e+02 1.005080e+02 1.031386e+02 1.032540e+02 1.036083e+02 1.004577e+02 9.752832e+01 1.098646e+02 1.045052e+02 1.064341e+02 1.085034e+02
1.650437e+01 1.698558e+01 1.742334e+01 1.679384e+01 1.638125e+01 1.695929e+01 1.751062e+01 1.666687e+01 1.572581e+01 1.840345e+01 1.912514e+01 1.800088e+01 1.831005e+01 1.829178e+01 1.992271e+01 1.934157e+01 2.012221e+01 1.993107e+01 2.073326e+01 2.041606e+01 2.134505e+01 2.269309e+01 2.187834e+01 2.388169e+01 2.439349e+01 2.380348e+01 2.299930e+01 2.437522e+01 2.460863e+01 2.445491e+01 2.566050e+01 2.795020e+01 2.679016e+01
9.692673e+00 8.343143e+00 9.480995e+00 1.007435e+01 8.874152e+00 8.911625e+00 9.961466e+00 9.220556e+00 9.541636e+00 1.088382e+01 9.538443e+00 9.915764e+00 9.884942e+00 1.038134e+01 1.092157e+01 1.050547e+01 1.035232e+01 1.075158e+01 1.070989e+01 1.095955e+01 1.084231e+01 1.094962e+01 1.123781e+01 1.134000e+01 1.042854e+01 1.155916e+01 1.064521e+01 1.119696e+01 1.096825e+01 1.109001e+01 1.139756e+01 1.177539e+01 1.166747e+01
2.522888e+00 2.789505e+00 2.753657e+00 2.747075e+00 2.939759e+00 2.901895e+00 2.389314e+00 3.017220e+00 2.849392e+00 2.977997e+00 3.309729e+00 3.393589e+00 2.941671e+00 3.511164e+00 3.768359e+00 3.086672e+00 3.517297e+00 3.377705e+00 3.799768e+00 3.276318e+00 3.409983e+00 3.297664e+00 3.686068e+00 3.252018e+00 3.859734e+00 3.830709e+00 4.237951e+00 4.181346e+00 3.715491e+00 4.367389e+00 4.005452e+00 3.655030e+00 4.426654e+00
2.244105e+00 1.593702e+00 1.552907e+00 1.941842e+00 1.569909e+00 1.684837e+00 1.983813e+00 1.611981e+00 1.891343e+00 1.651557e+00 2.061007e+00 2.137362e+00 2.089761e+00 2.293041e+00 1.295182e+00 1.713669e+00 1.859215e+00 1.648185e+00 1.990493e+00 1.671206e+00 1.730677e+00 2.112483e+00 2.037245e+00 2.096105e+00 2.209996e+00 1.649722e+00 1.996336e+00 1.621072e+00 1.839690e+00 2.040442e+00 1.820517e+00 2.031245e+00 1.619169e+00
1.664412e+00 1.564546e+00 1.634560e+00 1.492000e+00 1.584018e+00 1.736709e+00 1.607488e+00 1.671706e+00 1.711137e+00 1.765077e+00 1.748586e+00 2.063973e+00 1.818039e+00 1.914165e+00 1.739987e+00 1.583046e+00 1.772790e+00 1.757647e+00 1.975109e+00 1.565821e+00 1.855148e+00 2.152667e+00 2.171244e+00 1.914349e+00 1.802044e+00 2.069845e+00 2.019905e+00 1.964267e+00 1.740614e+00 1.974281e+00 1.970652e+00 1.951443e+00 1.815518e+00
8.647175e-01 7.565648e-01 7.034480e-01 7.535902e-01 8.898322e-01 7.681279e-01 7.642491e-01 1.032578e+00 8.933069e-01 7.601011e-01 7.270519e-01 8.669118e-01 8.384476e-01 6.358528e-01 1.114202e+00 7.986310e-01 7.698152e-01 5.788730e-01 1.125800e+00 9.401734e-01 8.349904e-01 1.189542e+00 1.303799e+00 1.099702e+00 8.720803e-01 1.077785e+00 1.150255e+00 8.931782e-01 9.316640e-01 1.208271e+00 1.070598e+00 1.191310e+00 1.457454e+00
-9.760244e-01 1.331690e-01 2.354687e-01 -7.023066e-02 2.337616e-01 1.174121e-01 1.865125e-01 2.423614e-01 2.585256e-01 2.606148e-01 1.143278e-01 4.249587e-01 1.598882e-01 1.955534e-01 1.635208e-01 1.547848e-02 2.657780e-01 2.172068e-01 1.838080e-01 4.315508e-01 -2.196330e-03 3.924098e-01 5.817869e-01 4.736486e-01 3.484900e-01 3.760848e-01 3.765285e-01 3.865907e-01 1.273882e-01 5.331594e-01 3.857813e-01 4.247730e-01 5.242754e-01
8.073715e-02 8.703433e-02 2.156813e-01 7.162984e-02 -7.464879e-02 1.035408e-01 9.808259e-02 -5.233554e-02 3.806634e-02 1.229090e-01 4.882270e-01 1.680099e-01 1.679222e-02 -1.092342e-02 -3.808596e-02 5.563722e-02 2.002259e-01 5.220816e-03 2.253734e-01 6.416237e-02 1.113261e-01 1.538897e-01 1.637027e-01 1.879021e-01 1.471636e-01 2.669556e-01 8.325945e-02 8.338274e-02 1.398097e-01 8.294123e-02 9.489061e-02 3.657025e-02 -1.077451e-02
1.254534e-01 -4.386988e-02 3.169593e-02 -9.442054e-02 6.957217e-02 1.487184e-02 5.709032e-02 1.479296e-01 4.728988e-02 -1.138616e-02 -1.385974e-01 5.206404e-02 -2.024797e-02 6.887833e-02 1.103423e-01 8.535562e-02 8.374700e-02 1.900115e-02 -3.470525e-02 -5.037520e-02 -1.743271e-02 9.014026e-02 1.901175e-01 1.726853e-01 -3.923270e-02 4.743122e-02 1.542768e-01 1.478579e-01 -1.474339e-02 1.203172e-01 2.170965e-01 3.729326e-02 4.745679e-02
2.245081e-01 2.945318e-02 7.721917e-02 3.414096e-02 2.345143e-02 -1.160235e-01 1.473885e-01 -1.560304e-01 -1.305770e-01 -1.741910e-02 -1.296541e-01 1.182339e-01 2.010862e-01 2.387979e-02 -6.208666e-02 9.114785e-02 1.656036e-01 -4.071536e-02 1.889300e-01 1.879215e-03 6.473804e-02 1.922316e-01 1.889849e-01 5.963424e-02 3.821953e-02 9.417210e-02 -6.626896e-03 1.145217e-01 1.484075e-01 1.445621e-01 -1.062183e-01 8.865628e-02 -3.554748e-02
1.113809e-01 -7.044245e-02 -1.047517e-01 3.302502e-02 1.090005e-01 7.893071e-02 -1.068309e-01 -3.980687e-02 7.606863e-02 2.517725e-02 1.074475e-01 1.876371e-01 5.528338e-02 -7.219945e-02 1.043220e-01 -1.381640e-02 1.249532e-01 -9.838631e-02 2.532001e-01 9.796882e-02 2.864261e-02 2.120317e-01 3.036376e-01 2.492147e-01 1.321158e-01 1.532848e-01 1.094928e-01 3.908964e-02 1.358130e-02 -7.399316e-03 6.413830e-02 -2.328580e-02 -1.679822e-02
-2.008722e-02 -2.392803e-01 9.490272e-02 -1.275948e-01 8.666281e-02 -1.113700e-01 1.518503e-01 9.646900e-02 1.174864e-02 1.557427e-01 3.053478e-02 8.408609e-02 1.084451e-01 -6.525572e-02 -2.096806e-02 1.324794e-01 6.747644e-02 -3.854643e-03 -4.029955e-02 -2.622799e-02 5.956775e-02 2.018128e-01 2.921200e-01 9.053411e-02 1.898628e-01 1.866664e-01 -1.542563e-02 6.979503e-02 -3.826147e-02 -5.824243e-02 -8.213709e-02 4.211505e-02 1.026024e-01
7.591237e-02 1.608189e-01 5.463680e-02 1.700877e-01 1.602530e-01 2.401565e-01 2.146365e-02 8.865307e-02 -6.996528e-02 1.616316e-02 1.324300e-01 1.385411e-01 8.715331e-02 2.168213e-02 -1.051635e-01 6.526346e-02 9.124880e-02 7.870648e-02 -5.048385e-02 -2.454066e-02 6.793217e-02 9.330910e-02 2.358737e-01 2.448247e-01 5.808901e-02 1.093709e-01 -2.017431e-01 1.390352e-01 -2.804129e-02 6.269787e-02 2.315852e-01 -1.928633e-02 1.400321e-01
6.181317e-02 1.107471e-01 -1.154652e-01 6.722412e-02 -1.769041e-02 4.400520e-02 -3.199679e-02 -1.887897e-01 -3.736924e-02 6.411988e-02 -1.669148e-01 2.020505e-01 -8.725247e-02 2.396265e-02 -2.058037e-01 1.561491e-01 9.311224e-02 2.064710e-01 -4.223910e-02 9.328930e-02 -4.399201e-03 6.303827e-02 4.129448e-01 2.959005e-02 1.047358e-01 1.819957e-01 -1.007811e-01 1.084146e-01 -7.473458e-02 3.672764e-02 2.241166e-01 -2.693989e-04 4.287532e-02
-6.216848e-03 -1.621086e-01 7.941732e-02 3.843452e-02 -8.571070e-03 8.866101e-02 3.381079e-02 -1.102386e-01 -4.687432e-02 4.757712e-02 4.149861e-01 1.673094e-01 -1.185805e-02 -4.597547e-02 -5.469663e-02 1.689784e-01 1.476452e-01 5.474104e-02 -4.726015e-02 4.955880e-01 1.535813e-02 2.376844e-01 2.241355e-01 1.038351e-01 6.001336e-01 5.302288e-02 -3.158722e-02 2.191995e-01 -9.856827e-02 3.508839e-02 2.223545e-01 1.890029e-01 9.333967e-02
